Central Park
(40.801726, -73.959202)
(40.796788, -73.947173)
(40.762975, -73.971899)
(40.768549, -73.985223)

Rockafeller Center
(40.760521, -73.979950)
(40.759147, -73.976719)
(40.757278, -73.978104)
(40.758643, -73.981337)

Times square / Theater District
(40.761000, -73.987014)
(40.758643, -73.981322)
(40.754832, -73.984094)
(40.757197, -73.989781)

empire state bldg area
(40.750459, -73.987300)
(40.749110, -73.984060)
(40.747151, -73.985488)
(40.748509, -73.988730)

9/11 memorial
(40.712882, -74.014008)
(40.712028, -74.011934)
(40.710134, -74.012664)
(40.710955, -74.014424)

Central Park
[-73.9776286093,40.7640302471,-73.9710840194,40.7662079996],
[-73.9820560639,40.7662802508,-73.9694818681,40.7690754673],
[-73.982002,40.76901,-73.967476,40.773106],
[-73.9790789725,40.7713921513,-73.9657323004,40.7768845427],
[-73.9765791537,40.7741465286,-73.9637903811,40.7803211188],
[-73.974422,40.776662,-73.961934,40.783227],
[-73.972555,40.779538,-73.959938,40.78594],
[-73.9700234562,40.7819429518,-73.9580929905,40.7894165053],
[-73.9670622975,40.7840876228,-73.9565909535,40.7933479067],
[-73.964895,40.786573,-73.954681,40.794371],
[-73.9626349722,40.7890310373,-73.9528931891,40.7970236057],
[-73.9610685622,40.7916303521,-73.9510263716,40.7992002768],
[-73.9600385939,40.7939046691,-73.9492668425,40.8006134503],
[-73.9582790648,40.7949849424,-73.948515824,40.8029443088]

Rockafeller Center
[-73.9805664026,40.7595309332,-73.9785708391,40.7604817415],
[-73.9798582995,40.7590108271,-73.977862736,40.7599616429],
[-73.979364773,40.7587263924,-73.9773692095,40.7596772123],
[-73.9789356196,40.7585638577,-73.9769400561,40.7595146799],
[-73.9786781275,40.7584338297,-73.976682564,40.7593846537],
[-73.9791287386,40.7578730809,-73.9771331751,40.758823913],
[-73.980019232,40.7582306604,-73.9780236685,40.7591814874],
[-73.9808238947,40.7585963647,-73.9788283312,40.7595471864],
[-73.981456896,40.7589539403,-73.9794613325,40.7599047569],
[-73.9817036593,40.7584744635,-73.9797080958,40.759425287],
[-73.9806200468,40.75800311,-73.9786244833,40.7589539403],
[-73.979826113,40.757718671,-73.9778305495,40.7586695053],
[-73.9794184172,40.7571822969,-73.9774228537,40.7581331389]

Times square / Theater District
[-73.9879317486,40.7550347256,-73.9857967102,40.7562334731],
[-73.9874167645,40.75595309,-73.9852817261,40.757151821],
[-73.9871592724,40.7566682677,-73.985024234,40.7578669858],
[-73.9867515766,40.7573509302,-73.9846165383,40.7585496359],
[-73.9862473213,40.7583667839,-73.984112283,40.7595654713],
[-73.9859791004,40.7588462614,-73.9838440621,40.7600449402],
[-73.9855714047,40.7595207749,-73.9834363663,40.7607194415],
[-73.9852280819,40.760114016,-73.9830930435,40.7613126719]

empire state bldg area
[-73.9885325634,40.7495567839,-73.986397525,40.7507556302],
[-73.9875347817,40.7489878324,-73.9853997433,40.7501866889],
[-73.9868695938,40.7486952268,-73.9847345555,40.7498940886],
[-73.9860971176,40.748370108,-73.9839620793,40.7495689757],
[-73.9863867962,40.7477686341,-73.9842517578,40.7489675126],
[-73.9869983399,40.7479311951,-73.9848633015,40.7491300707],
[-73.9885218346,40.7486139473,-73.9863867962,40.7498128105],
[-73.9878030026,40.748231932,-73.9856679642,40.7494308022],
[-73.988886615,40.7488659135,-73.9867515766,40.7500647723],
[-73.9892138547,40.7473622297,-73.9870788164,40.7485611155]

9/11 memorial
[-74.0142605333,40.7120397129,-74.0127584963,40.7129119101],
[-74.0134075909,40.7116005603,-74.0119055538,40.7124727633],
[-74.0144965677,40.7111858024,-74.0129945307,40.7120580108],
[-74.0136650829,40.7108767654,-74.0121630459,40.7117489779],
[-74.014577034,40.7104498041,-74.013074997,40.7113220222],
[-74.0139064818,40.7101163657,-74.0124044447,40.7109885882],
[-74.0145663052,40.7101122994,-74.0130642681,40.7109845219],
[-74.0140191345,40.7095348777,-74.0125170975,40.7104071078]
